55.858354
-4.2427968
55.860391
-4.2498657
55.868213
-4.2756363
55.868634
-4.241903
55.842457
-4.2392614
55.868634
-4.241903
55.874876
-4.30728
55.886633
-4.3167732
55.892779
-4.3287673
55.876262
-4.3452042
55.907349
-4.3556251
55.897793
-4.3016185
55.874962
-4.2240274
55.883705
-4.2571951
55.899075
-4.2795393
55.857812
-4.2241816
55.859668
-4.1547431
55.883515
-4.1652587
55.8636
-4.1067134
55.84656
-4.2290979
55.848782
-4.2882234
55.826453
-4.2415985
55.820523
-4.3042201
55.817255
-4.2594905
55.808051
-4.2285232
55.807519
-4.2950251
55.853371
-4.2999653
55.847015
-4.3315561
55.825514
-4.3482315
55.821997
-4.3323099
55.932067
-4.4858035
55.909321
-4.3256789
55.939149
-4.3109733
56.069197
-4.4352091
55.901445
-4.204219
55.97768
-4.0541219
55.941301
-4.1602042
55.950457
-3.9874277
55.971023
-4.0186577
55.907966
-4.0826241
55.95191
-3.9836581
55.826185
-4.0520986
55.793619
-4.0913667
55.834322
-4.2030057
55.762495
-4.1762534
55.75725
-4.1867192
55.739547
-4.2722335
55.769713
-4.3362165
55.803971
-4.3961477
55.771004
-4.2230758
55.897342
-4.3889302
55.944476
-4.5704762
55.983472
-4.5809363
56.080522
-4.8279186
55.868634
-4.241903